535
369
654
635
352
931
307
4
853
843
905
642
769
955
861
999
98
768
935
952
46
204
956
768
115
199
98
521
826
275
228
616
820
693
252
784
265
237
757
908
797
700
212
817
386
17
885
688
699
841
240
540
319
50
886
832
91
861
5
326
362
409
663
858
280
395
145
709
890
614
947
181
435
630
589
710
391
788
433
78
849
735
502
278
976
162
641
179
57
628
38
744
342
359
380
584
547
656
273
44
168
269
30
772
148
709
437
831
575
326
67
896
172
583
731
521
388
164
526
764
269
355
376
194
687
139
984
766
230
256
354
668
482
732
98
409
635
477
203
345
658
682
298
818
134
43
591
751
137
256
249
122
802
402
645
663
429
77
516
865
518
361
994
23
640
310
265
780
843
377
712
264
190
798
159
118
111
234
417
935
503
889
422
289
830
236
29
63
585
792
893
991
883
650
54
270
1
983
816
793
774
545
83
763
362
720
892
356
136
292
246
144
621
999
163
417
483
509
465
760
483
289
184
412
378
142
928
42
152
73
895
637
51
567
67
398
985
103
151
991
286
426
25
14
454
101
740
557
693
455
693
113
392
34
115
907
736
140
619
264
703
841
198
111
209
349
132
795
811
851
948
267
309
930
945
835
724
647
752
249
812
392
519
202
422
653
417
290
693
23
156
979
585
739
343
277
200
372
526
165
281
697
57
561
941
965
347
108
497
183
91
815
883
349
473
547
400
701
956
792
748
144
27
247
960

